0.4098635822626425
0.40952024903103756
0.4093676564836575
0.40907773064363556
0.4087954344309825
0.4085665456099125
0.4083834345530565
0.4082537308877835
0.4080324716940824
0.4079714346751303
0.4079485457930234
0.40781884212775044
0.40764336069826346
0.40757469405194235
0.4076433606982633
0.40760521256141835
0.4076509903256323
0.4074755088961453
0.4075365459150973
0.4075975829340493
0.4074678792687763
0.40730002746665833
0.4073915829950863
0.4074068422498244
0.4073915829950864
0.4072389904477065
0.4071169164098025
0.40704824976348153
0.40684987945188755
0.4066209906308176
0.4065446943571276
0.4065065462202825
0.4063768425550096
0.4062547685171056
0.40610980559709464
0.40600299081392854
0.4058046205023347
0.4056901760917997
0.4057359538560137
0.4057359538560137
0.40598010193182166
0.40607928708761876
0.40610980559709464
0.40614795373393975
0.4063005462813196
0.4064683980834377
0.4065294351023897
0.4066591387676627
0.4069490646076847
0.4069490646076847
0.4069872127445298
0.4071626941740167
0.4071855830561238
0.4072923978392898
0.4071550645466478
0.40724662007507567
0.40735343485824177
0.40753654591509775
0.40747550889614575
0.40754417554246675
0.4077654347361677
0.4079409161656547
0.4078798791467027
0.4079027680288097
0.40800195318460675
0.40818506424146267
0.4084444715720087
0.4085970641193887
0.40890224921414864
0.4092684713278606
0.40954313791314456
0.40965758232367955
0.4100314340647606
0.41040528580584146
0.4107104709006014
0.4109622486037784
0.41129032258064535
0.4116946928312024
0.4117862483596303
0.41209906308175936
0.4123661000396742
0.4126865443891722
0.41297647022919415
0.4133121738334302
0.41363261818292807
0.41389965514084315
0.4143421735282451
0.41460921048616006
0.4149067659535509
0.415349284340953
0.4157307657094028
0.4160817285683769
0.4166005432294688
0.41713461714529876
0.4178289132358777
0.4183172093874936
0.41885891293069255
0.4195303201391646
0.4203161717581715
0.4208807641834773
0.42146061586352124
0.42200994903408917
0.422673726615192
0.423268837549974
0.42381817072054195
0.424481948301645
0.4250694296090579
0.4256111331522569
0.4262520218512528
0.4267784661397139
0.4273964659566028
0.42793816949980173
0.4283883175145727
0.4288766136661886
0.42935728019043556
0.42999816888943165
0.43074587237159356
0.4313791314432205
0.4322946867275004
0.43317972350230427
0.4338969084749902
0.4347361674855801
0.43549913022248
0.4362315744499039
0.4370250556962799
0.4377880184331798
0.43859675893429373
0.43939786980803863
0.44018372142704554
0.44088564714499345
0.4416867580187384
0.4424802392651143
0.4433042390209662
0.44385357219153415
0.44449446089053
0.445142979216895
0.4458296456801049
0.44647053437910084
0.44705038605914477
0.4477294228949857
0.4483245338297676
0.4490340891750845
0.44965208899197345
0.45062868129520534
0.45150608844264023
0.45226142155217114
0.45305490279854704
0.45400097659230304
0.45488601336710693
0.4556184575945309
0.4565340128788108
0.4574266792809838
0.4582659382915737
0.45919675283059175
0.46011993774224064
0.46089815973387865
0.46155430768761263
0.4624164555803095
0.46301156651509157
0.4635380108035526
0.4642551957762385
0.46485793633838945
0.4656285287026584
0.46635334330271344
0.46712393566698235
0.46794030579546525
0.4686498611407822
0.4694204535050511
0.47013763847773715
0.47086245307779206
0.471510971404157
0.4722357860042119
0.4729758598590048
0.4737235633411667
0.47441785943174564
0.47515793328653855
0.47589800714133146
0.4765160069582204
0.4773171178319653
0.4780190435499132
0.4787667470320751
0.47944578386791614
0.48016296884060206
0.480552079836421
0.48108615375225094
0.48176519058809186
0.4824594866786708
0.4832148197882017
0.4838404492324596
0.48451948606830053
0.48516800439466545
0.4858699301126134
0.48655659657582334
0.48715170751060527
0.4879222998748743
0.4886165959654532
0.4893414105655081
0.48997466963713504
0.49071474349192795
0.49138615070039987
0.4918897061067538
0.4924924466689048
0.4931333353679007
0.49380474257637264
0.49434644611957157
0.4948728904080325
0.49542222357860044
0.49612414929654836
0.4966353343302713
0.4973525193029572
0.4981231116672261
0.49874111148411504
0.49936674092837297
0.5000991851557969
0.5008163701284828
0.5014114810632647
0.5020599993896296
0.5028153324991607
0.5034028138065736
0.5041657765434735
0.5049287392803734
0.5055848872341073
0.5062791833246862
0.5069124423963132
0.5074999237037261
0.508133182775353
0.508545182653279
0.5089037751396219
0.5092928861354409
0.5098040711691638
0.5102084414197208
0.5108645893734547
0.5115054780724506
0.5120319223609116
0.5125049592577896
0.5130390331736195
0.5135959959715564
0.5141529587694933
0.5147175511947992
0.5151829584643083
0.5158391064180422
0.5164647358623001
0.5169072542497021
0.517487105929746
0.5179677724539931
0.51860103152562
0.5191579943235569
0.5196920682393869
0.5203100680562758
0.5207373271889397
0.5211416974394967
0.5218283639027066
0.5223548081911675
0.5228965117343665
0.5233237708670304
0.5240028077028713
0.5246131778923913
0.5251853999450662
0.5257423627430031
0.5262001403851431
0.526741843928342
0.5273140659810172
0.5278939176610611
0.5285958433790091
0.529244361705374
0.5296792504654071
0.530388805810724
0.5309915463728749
0.5316553239539779
0.5323877681814019
0.5331125827814568
0.5335779900509658
0.5340891750846888
0.5347987304300058
0.5353175450910977
0.5357905819879757
0.5363017670216986
0.5369426557206944
0.5374538407544175
0.5380642109439374
0.5387127292703023
0.5393002105777153
0.5399716177861872
0.5405590990936001
0.541283913693655
0.541894283883175
0.5425656910916469
0.5430997650074768
0.5438245796075317
0.5444807275612656
0.5450376903592027
0.5454954680013426
0.5460905789361244
0.5466170232245855
0.5472045045319984
0.5478225043488874
0.5484023560289313
0.5490203558458202
0.5496459852900782
0.5502029480880154
0.5506530961027861
0.5513321329386272
0.5518814661091953
0.5523926511429182
0.5530945768608663
0.5536591692861722
0.554185613574633
0.5547883541367841
0.5553300576799831
0.5558030945768612
0.556253242591632
0.5567796868800929
0.557397686696982
0.557893612475967
0.558534501174963
0.5591830195013279
0.5596636860255748
0.5600985747856079
0.5607013153477587
0.5613956114383377
0.5620136112552268
0.5627994628742335
0.5634708700827056
0.5640964995269635
0.5647450178533284
0.5654393139439073
0.5661259804071174
0.5666982024597922
0.5672399060029911
0.5677816095461902
0.568437757499924
0.568987090670492
0.569635608996857
0.5702383495590079
0.5707800531022068
0.5712073122348708
0.5716727195043797
0.5721533860286266
0.5726645710623496
0.5732367931150245
0.5738853114413894
0.5744270149845884
0.5749610889004183
0.5755485702078312
0.5759605700857572
0.5767311624500262
0.577333903012177
0.5779213843195901
0.578539384136479
0.5790581987975709
0.5796456801049839
0.5802102725302898
0.5807367168187507
0.5812326425977357
0.5816904202398756
0.5821863460188605
0.5828577532273325
0.5833460493789484
0.5839640491958373
0.5844294564653463
0.5848567155980102
0.5851619006927702
0.5856273079622791
0.5862071596423231
0.5866496780297251
0.58699301126133
0.58737449262978
0.587809381389813
0.5883129367961669
0.5889538254951628
0.5895870845667898
0.5901287881099888
0.5906323435163426
0.5912503433332316
0.5918530838953826
0.5924710837122716
0.5930509353923156
0.5935010834070866
0.5941114535966066
0.5946989349040195
0.5954008606219674
0.5960341196935944
0.5968199713126013
0.5974532303842284
0.5981398968474383
0.5987960448011723
0.5993453779717403
0.6000549333170572
0.6006118961149941
0.601466414380322
0.6022217474898529
0.6030075991088598
0.6036332285531177
0.6041901913510547
0.6048997466963716
0.6056703390606405
0.6062578203680534
0.6070436719870603
0.6076998199407943
0.6084627826776942
0.6090884121219522
0.6097521897030551
0.610461745048372
0.6110950041199988
0.6117740409558399
0.6124988555558948
0.6131092257454147
0.6138645588549456
0.6145588549455245
0.6150700399792475
0.6156346324045534
0.6162144840845973
0.6167561876277964
0.6173360393078403
0.6178167058320873
0.6184270760216072
0.6190450758384961
0.619655446028016
0.620197149571215
0.620647297585986
0.6211127048554949
0.6215399639881589
0.6218222602008118
0.6222647785882137
0.6227225562303538
0.6229743339335306
0.6233939634388257
0.6236152226325267
0.6240043336283455
0.6242332224494156
0.6244163335062716
0.6247672963652455
0.6250953703421125
0.6256752220221564
0.6259651478621784
0.6264763328959013
0.6269646290475173
0.6272392956328012
0.6275063325907162
0.6276512955107272
0.6280022583697011
0.6282311471907711
0.6283913693655201
0.6286584063234351
0.628910184026612
0.629161961729789
0.629482406079287
0.6297036652729879
0.6300393688772239
0.6304132206183048
0.6307336649678028
0.6311761833552048
0.6316034424878687
0.6318933683278907
0.6324198126163516
0.6326487014374216
0.6329996642963956
0.6332209234900965
0.6335642567217016
0.6339686269722585
0.6343424787133394
0.6347773674733723
0.6351817377239294
0.6355632190923792
0.6360286263618882
0.6365703299050871
0.6369441816461681
0.637409588915677
0.6378597369304481
0.638309884945219
0.638706625568407
0.6388821069978939
0.6391338847010709
0.6393093661305579
0.6396069215979489
0.6396298104800558
0.6397518845179598
0.6401562547685168
0.6405148472548597
0.6409497360148927
0.6412015137180697
0.6416440321054716
0.6420331431012907
0.6423917355876336
0.6425901058992276
0.6430249946592606
0.6432996612445445
0.6436353648487805
0.6436811426129945
0.6438947721793264
0.6438795129245884
0.6440397350993374
0.6440931424909204
0.6442075869014554
0.6442609942930384
0.6444975127414774
0.6445738090151674
0.6449018829920343
0.6450315866573073
0.6451841792046873
0.6452452162236393
0.6453672902615433
0.6454893642994473
0.6456801049836721
0.6456572161015651
0.6457335123752552
0.6458937345500042
0.6460463270973842
0.6460158085879082
0.6460692159794912
0.6464049195837271
0.6467177343058561
0.6469008453627121
0.6471068453016751
0.647389141514328
0.64767906735435
0.647877437665944
0.647869808038575
0.648045289468062
0.6481597338785969
0.6484038819544049
0.6484572893459879
0.6486022522659989
0.6487472151860099
0.6489379558702348
0.6488845484786518
0.6489761040070798
0.6490447706534008
0.6492660298471018
0.6493575853755298
0.6496780297250278
0.6498001037629317
0.6499145481734667
0.6500213629566327
0.6501281777397987
0.6502502517777027
0.6504638813440347
0.6505706961272006
0.6506393627735216
0.6507766960661636
0.6509140293588056
0.6508835108493296
0.6510055848872336
0.6510513626514476
0.6511505478072446
0.6512802514725176
0.6513718070009455
0.6514557329020045
0.6516235847041225
0.6517075106051815
0.6515625476851705
0.6515091402935875
0.6515701773125395
0.6514786217841115
0.6512878810998866
0.6511734366893516
0.6511429181798756
0.6511581774346136
0.6509750663777576
0.6508453627124846
0.6506241035187836
0.6507080294198426
0.6506469924008906
0.6505935850093076
0.6504943998535107
0.6504867702261417
0.6504715109714037
0.6503494369334997
0.6503341776787617
0.6502197332682267
0.6501815851313817
0.6500366222113707
0.6499145481734667
0.6497619556260867
0.6496856593523967
0.6496322519608138
0.6493957335123748
0.6492584002197328
0.6491439558091978
0.6489379558702348
0.6487853633228549
0.6486709189123199
0.6484420300912499
0.6483886226996669
0.6482589190343939
0.648052919095431
0.647854548783837
0.647732474745933
0.647618030335398
0.647389141514328
0.647259437849055
0.6471068453016751
0.6470915860469371
0.6471221045564131
0.64714499343852
0.6471221045564131
0.6470915860469371
0.6471144749290441
0.6470534379100921
0.647198400830103
0.647251808221686
0.647175511947996
0.647198400830103
0.6471373638111511
0.647175511947996
0.647167882320627
0.647198400830103
0.647320474868007
0.647244178594317
0.647358623004852
0.647160252693258
0.6470610675374611
0.6469695120090331
0.6470076601458781
0.6469771416364021
0.6467024750511181
0.6467177343058561
0.6465041047395241
0.6463515121921442
0.6462141788995022
0.6460844752342292
0.6460005493331702
0.6460386974700152
0.6459089938047422
0.6458784752952662
0.6457792901394692
0.6457487716299932
0.6457564012573622
0.6458326975310522
0.6459013641773732
0.6459700308236942
0.6459929197058012
0.6458708456678972
0.6458021790215762
0.6457335123752552
0.6457564012573622
0.6456724753563032
0.6455046235541853
0.6454664754173403
0.6452681051057463
0.6452146977141633
0.6451002533036283
0.6448026978362373
0.6445051423688464
0.6444212164677874
0.6442304757835624
0.6438566240424815
0.6435285500656145
0.6433225501266515
0.6430555131687365
0.6430021057771536
0.6429105502487256
0.6428342539750356
0.6426892910550246
0.6425595873897516
0.6425366985076446
0.6423306985686816
0.6422772911770986
0.6422467726676226
0.6423612170781576
0.6423306985686816
0.6422086245307776
0.6419186986907557
0.6418118839075897
0.6415829950865197
0.6413235877559738
0.6411023285622728
0.6408505508590958
0.6406445509201328
0.6404156620990629
0.6401944029053619
0.6399044770653399
0.639660328989532
0.639378032776879
0.639194921720023
0.638874477370525
0.6387295144505141
0.638492996002075
0.638271736808374
0.637989440595721
0.6376537369914851
0.6374248481704151
0.6372264778588211
0.6370586260567032
0.6366542558061462
0.6364787743766592
0.6364635151219212
0.6363109225745414
0.6360286263618884
0.6358226264229254
0.6355861079744864
0.6354869228186895
0.6352504043702505
0.6349604785302284
0.6346629230628374
0.6344798120059815
0.6342738120670185
0.6341517380291145
0.6339075899533065
0.6335795159764396
0.6332819605090486
0.6330988494521926
0.6329996642963956
0.6328318124942777
0.6326334421826837
0.6324808496353037
0.6323129978331857
0.6319620349742117
0.6315805536057618
0.6314966277047028
0.6311456648457289
0.6309701834162419
0.6307107760856959
0.6307260353404339
0.630352183599353
0.630153813287759
0.629947813348796
0.629711294900357
0.6295129245887631
0.6292077394940031
0.6288949247718741
0.6284371471297341
0.6282006286812951
0.6278954435865353
0.6276284066286202
0.6273232215338602
0.6268196661275063
0.6263847773674734
0.6261864070558794
0.6257667775505844
0.6255073702200385
0.6250801110873745
0.6247672963652455
0.6245155186620686
0.6243018890957366
0.6238593707083346
0.6234015930661947
0.6229056672872098
0.6223868526261178
0.6219672231208229
0.6214331492049929
0.620891445661794
0.620426038392285
0.6198843348490861
0.6194418164616842
0.6189611499374372
0.6186559648426773
0.6182744834742273
0.6178472243415634
0.6172063356425674
0.6167714468825345
0.6163212988677635
0.6158558915982546
0.6151387066255687
0.6147572252571187
0.6141621143223368
0.6134907071138648
0.6129108554338208
0.6122699667348249
0.61192663350322
0.611598559526353
0.61123996704001
0.6107058931241801
0.6103549302652062
0.6099887081514942
0.6095004119998783
0.6092257454145943
0.6090426343577383
0.6086840418713954
0.6084704123050634
0.6081347087008274
0.6077227088229015
0.6073717459639275
0.6068681905575736
0.6063112277596366
0.6058305612353896
0.6053651539658806
0.6048615985595267
0.6044114505447558
0.6038926358836638
0.6036484878078558
0.6031983397930849
0.602641376995148
0.602191228980377
0.6017258217108681
0.6012451551866211
0.6006729331339462
0.6002304147465443
0.5998260444959873
0.5993835261085854
0.5989104892117074
0.5985518967253645
0.5982085634937594
0.5978804895168924
0.5975066377758115
0.5971327860347305
0.5967589342936495
0.5964766380809965
0.5961333048493915
0.5955916013061925
0.5950727866451005
0.5945387127292706
0.5941114535966066
0.5935621204260386
0.5930738242744227
0.5924558244575338
0.5920056764427628
0.5912961210974459
0.5906323435163429
0.590014343699454
0.589373455000458
0.588839381084628
0.588274788659322
0.5879619739371931
0.5875423444318981
0.5870998260444962
0.5866725669118322