0.4080095828119756
0.40758232367931174
0.40727713858455167
0.40709402752769563
0.40702536088137464
0.40694906460768454
0.40679647206030467
0.40691091647083955
0.40695669423505365
0.40697195348979165
0.40706350901821964
0.4072695089571826
0.4073229163487656
0.4073534348582416
0.4072771385845516
0.4072771385845516
0.4073534348582416
0.4072542497024446
0.4072466200750755
0.4071932126834925
0.40694143498031554
0.40689565721610155
0.40676595355082856
0.4065981017487106
0.4065981017487106
0.4064912869655447
0.4063615833002716
0.4063463240455336
0.4064683980834375
0.4064760277108065
0.4063692129276405
0.40642262031922344
0.4062852870265815
0.4062318796349985
0.4063463240455335
0.4061708426160465
0.4059953611865595
0.4058961760307625
0.4057741019928585
0.4055986205633714
0.40543076876125345
0.40543076876125345
0.40527817621387346
0.40522476882229047
0.4051408429212315
0.4049958800012205
0.4049043244727925
0.4046449171422465
0.4044618060853905
0.4043855098117005
0.4043244727927485
0.40418713950010654
0.40412610248115455
0.40408032471694055
0.40407269508957144
0.4038285470137635
0.4037064729758595
0.4037598803674425
0.4035767693105865
0.4034012878810995
0.4034852137821585
0.4035004730368965
0.4036988433484905
0.40394299142429857
0.40401165807061956
0.4040955839716786
0.4042329172643206
0.4041947691274757
0.4042023987548447
0.4042252876369517
0.40436262092959374
0.40440076906643874
0.4046449171422468
0.4049424726096378
0.40518662068544586
0.40543076876125383
0.40563676870021687
0.4059495834223458
0.4061403241065709
0.4064378795739619
0.4068803979613639
0.40726950895718284
0.4077272865993228
0.4082003234962007
0.4086123233741267
0.4090014343699456
0.4093600268562886
0.40977965636158353
0.4102679525131996
0.4106570635090184
0.41113010040589637
0.4116260261848813
0.41206854457228326
0.4125110629596852
0.41293832209234915
0.4134876552629171
0.41384624774926004
0.41422772911771
0.41469313638721894
0.415059358500931
0.41541795098727397
0.41570787682729593
0.4158680990020449
0.41611224707785277
0.41641743217261273
0.4168218024231698
0.41719565416425075
0.4176152836695457
0.41812646870326864
0.4185384685811946
0.41888943144016855
0.4191793572801905
0.4193929868465226
0.41961424604022357
0.41987365337076954
0.4201025421918395
0.4203924680318615
0.42057557908871746
0.4209189123203224
0.4212164677877134
0.42131565294351037
0.4215979491561632
0.4218649861140782
0.42211676381725516
0.4224372081667531
0.4227652821436201
0.42301705984679716
0.4235206152531511
0.4237113559373761
0.4239173558763391
0.4241004669331951
0.42435987426374105
0.424703207495346
0.425016022217475
0.42528305917538994
0.425695059053316
0.42609942930387285
0.4264122440260018
0.42684713278603476
0.4273506881923887
0.42784661397137375
0.42844172490615573
0.42908261360515176
0.4295861690115057
0.4302270577105016
0.43076113162633156
0.4313409833063755
0.43182164983062243
0.4323023163548694
0.43267616809595033
0.43317972350230427
0.4338587603381453
0.4345530564287242
0.43523972289193413
0.43579668568987107
0.43626209295938
0.43678090762047195
0.43742942594683687
0.4378185369426558
0.43832209234900976
0.4389172032837917
0.43939786980803863
0.44008453627124855
0.4406109805597095
0.4411603137302775
0.4416486098818934
0.44228186895352034
0.4427167577135533
0.4432584612567522
0.44400616473891413
0.44466231269264805
0.445219275490585
0.4458449049348429
0.44645527512436284
0.44718008972441775
0.4479049043244728
0.4487060151982177
0.4494155705435346
0.4501098666341135
0.4507889034699544
0.45133060701315336
0.4519562364574113
0.4525894955290382
0.4532914212469861
0.45374156926175707
0.454298532059694
0.4550080874050109
0.4557100131229589
0.4563280129398478
0.4572511978514967
0.4581972716452527
0.4590136417737356
0.45972319711905263
0.4605700857570116
0.4613711966307566
0.46242408520767847
0.4633167516098514
0.4641407513657033
0.4651554918057803
0.4660786767174293
0.4670400097659232
0.46792504654072714
0.46869563890499616
0.46951963866084806
0.470313119907224
0.4711066011535999
0.47184667500839284
0.4728766747032078
0.4737998596148567
0.4746391186254466
0.4755470442823575
0.4764702291940064
0.4773628955961793
0.4781334879604482
0.4789422284615621
0.47956785790582
0.48028504287850593
0.48102511673329895
0.48176519058809186
0.48258919034394376
0.48342844935453366
0.4840617084261606
0.48471785637989456
0.48535874507889043
0.4860148930326244
0.4867854853968933
0.48738059633167524
0.48800622577593317
0.4885937070833462
0.489165929136021
0.4896237067781611
0.490180669576098
0.49082155827509394
0.4913632618182929
0.4919049653614918
0.49244666890469074
0.49307992797631767
0.49376659443952764
0.49439222388378556
0.4950254829554125
0.49548326059755243
0.49616229743339335
0.4967726676229133
0.4973296304208503
0.49782555619983526
0.49853511154515207
0.4992446668904691
0.49958037049470494
0.5000915555284279
0.5006637775811029
0.5011444441053499
0.5015869624927518
0.5021210364085817
0.5027924436170537
0.5034791100802636
0.5041047395245215
0.5048600726340524
0.5055619983520003
0.5061876277962583
0.5069505905331582
0.5075838496047851
0.508392590105899
0.5091174047059539
0.5097201452681048
0.5105059968871117
0.5111011078218937
0.5119174779503766
0.5126346629230625
0.5134510330515454
0.5141834772789693
0.5149388103885003
0.5156331064790792
0.5163197729422891
0.5168996246223331
0.517647328104495
0.5183416241950739
0.5191045869319738
0.5198828089236117
0.5206991790520946
0.5214850306711015
0.5222785119174774
0.5229117709891045
0.5236671040986354
0.5244300668355353
0.5252159184545423
0.5258644367809072
0.5264137699514753
0.5271996215704822
0.5280312509537032
0.5285576952421641
0.5292367320780051
0.530075991088595
0.530579546494949
0.5311212500381479
0.5315179906613361
0.53209784234138
0.532578508865627
0.5332041383098849
0.5338297677541429
0.5343256935331279
0.5350123599963378
0.5355998413037507
0.5361873226111636
0.5368053224280526
0.5373546555986205
0.5379268776512954
0.5384533219397564
0.5390408032471693
0.5395596179082612
0.5400097659230322
0.5406125064851831
0.541199987792596
0.541833246864223
0.5425428022095399
0.5432599871822259
0.5440153202917568
0.5447706534012877
0.5452970976897488
0.5458998382518998
0.5464796899319438
0.5471892452772609
0.5479522080141608
0.5484862819299907
0.5490508743552966
0.5498214667195657
0.5504623554185617
0.5512253181554617
0.5519653920102545
0.5525070955534535
0.5533310953093055
0.5541550950651575
0.5547654652546773
0.5556199835200053
0.5563829462569052
0.5571535386211741
0.557924130985443
0.558603167821284
0.5593356120487081
0.5601748710592979
0.5608920560319839
0.5616473891415148
0.5621967223120827
0.5628833887752926
0.5634708700827056
0.5642033143101295
0.5649662770470294
0.5655003509628593
0.5662251655629142
0.5670415356913971
0.5679952391125221
0.568811609241005
0.569544053468429
0.5701544236579489
0.5708639790032658
0.5714285714285717
0.5719931638538777
0.5725730155339216
0.5731299783318585
0.5735343485824155
0.5740150151066624
0.5744727927488024
0.5749992370372633
0.5756172368541522
0.5762733848078863
0.5767540513321331
0.5773949400311291
0.577929013946959
0.578424939725944
0.5791573839533679
0.5797372356334118
0.5802026429029208
0.5808359019745477
0.5813394573809016
0.5819040498062076
0.5825449385052035
0.5831324198126164
0.5838343455305643
0.5843455305642873
0.5849101229895932
0.5853602710043642
0.5858104190191351
0.5864741966002381
0.5868709372234261
0.587473677785577
0.5878704184087651
0.5883663441877499
0.589014862514115
0.589541306802576
0.5899456770531329
0.590166936246834
0.590441602832118
0.590845973082675
0.5913876766258739
0.591753898739586
0.5921811578722499
0.5925244911038547
0.5927991576891388
0.5932187871944337
0.5936841944639426
0.5941267128513447
0.5945158238471636
0.5948744163335066
0.5952253791924805
0.5954771568956575
0.5956831568346205
0.5958967864009524
0.5962019714957125
0.5965605639820555
0.5967818231757565
0.5971098971526235
0.5973998229926455
0.5977507858516194
0.5980483413190104
0.5984298226874604
0.5987731559190653
0.5990707113864563
0.5994064149906922
0.5997573778496662
0.5999862666707362
0.6003753776665551
0.6006729331339461
0.601145970030824
0.601702932828761
0.6021454512161629
0.602748191778314
0.6031907101657159
0.6034653767509999
0.6038468581194497
0.6041901913510547
0.6046632282479327
0.6052049317911317
0.6055940427869506
0.6059144871364486
0.6062654499954225
0.6065553758354445
0.6069826349681084
0.6072725608081304
0.6076387829218424
0.6080584124271373
0.6083178197576833
0.6087450788903472
0.6091265602587972
0.6096453749198891
0.6101718192083501
0.610683004242073
0.611133152256844
0.6114764854884489
0.6119037446211129
0.6122623371074558
0.6124912259285259
0.6129032258064518
0.6131550035096288
0.6136127811517688
0.6139713736381117
0.6142765587328717
0.6147419660023806
0.6152760399182106
0.6155888546403395
0.6159627063814205
0.6163441877498704
0.6167561876277964
0.6170690023499253
0.6172444837794123
0.6176641132847073
0.6178624835963012
0.6182363353373822
0.6186254463332012
0.6190298165837581
0.619533371990112
0.6198461867122411
0.620166631061739
0.6204031495101779
0.6206854457228309
0.6210669270912809
0.6213187047944579
0.6215475936155279
0.6219748527481918
0.6224173711355938
0.6228751487777338
0.6234244819483017
0.6238517410809656
0.6243018890957366
0.6245384075441756
0.6248664815210425
0.6251640369884335
0.6255531479842524
0.6260032959990234
0.6262321848200934
0.6266899624622333
0.6272011474959562
0.6274529251991332
0.6278420361949522
0.6281624805444501
0.6285134434034241
0.628765221106601
0.628856776635029
0.628902554399243
0.629314554277169
0.629528183843501
0.6297570726645709
0.6300088503677479
0.6301080355235449
0.6302606280709249
0.6302453688161869
0.6304666280098878
0.6306955168309578
0.6308709982604449
0.6310464796899318
0.6310998870815148
0.6314050721762747
0.6316187017426067
0.6320230719931637
0.6323129978331857
0.6326258125553147
0.6330454420606096
0.6333887752922146
0.6335566270943326
0.6337397381511886
0.6338541825617235
0.6341364787743765
0.6343272194586015
0.6346476638080994
0.6348765526291694
0.6352351451155124
0.6355937376018553
0.6359523300881983
0.6361583300271613
0.6364711447492902
0.6366389965514082
0.6367152928250982
0.6368678853724782
0.6371120334482862
0.6372341074861901
0.6374248481704151
0.6377452925199131
0.638065736869411
0.638180181279946
0.638279366435743
0.638569292275765
0.6388668477431559
0.6392178106021299
0.6394543290505689
0.6398510696737568
0.6402935880611588
0.6406216620380257
0.6408276619769887
0.6411786248359627
0.6415066988128297
0.6419186986907557
0.6421933652760397
0.6423688467055266
0.6424756614886926
0.6425977355265966
0.6426587725455486
0.6428952909939876
0.6432462538529615
0.6434751426740315
0.6436429944761495
0.6438489944151123
0.6440626239814444
0.6443296609393594
0.6443601794488354
0.6447187719351783
0.6448408459730822
0.6452299569689012
0.6454435865352331
0.6456877346110412
0.6459776604510632
0.6462294381542402
0.6464430677205721
0.6467024750511181
0.6467940305795461
0.6469695120090331
0.647198400830103
0.647305215613269
0.64752647480697
0.647724845118564
0.647885067293313
0.647999511703848
0.6481749931333349
0.6483123264259769
0.6485946226386299
0.6488387707144379
0.648983733634449
0.6490676595355078
0.6491897335734118
0.6494186223944818
0.6495559556871238
0.6496627704702898
0.6497009186071347
0.6499221778008357
0.6500671407208467
0.6504028443250827
0.6506469924008906
0.6507385479293186
0.6506317331461526
0.6507080294198426
0.6508148442030086
0.6509369182409126
0.6510742515335546
0.6512421033356726
0.6513260292367316
0.6513107699819936
0.6513641773735765
0.6512649922177796
0.6512802514725176
0.6514099551377905
0.6513946958830525
0.6514938810388495
0.6517151402325505
0.6520355845820485
0.6523865474410224
0.6526535843989374
0.6528061769463174
0.6530121768852803
0.6530884731589703
0.6532029175695053
0.6532868434705643
0.6532792138431953
0.6530961027863393
0.6530274361400183
0.6528672139652694
0.6528290658284244
0.6527222510452584
0.6526688436536754
0.6526001770073544
0.6523331400494394
0.6522186956389046
0.6521118808557386
0.6520966216010006
0.6520279549546796
0.6520355845820486
0.6519440290536206
0.6518601031525616
0.6517990661336096
0.6517761772515026
0.6519440290536206
0.6519516586809896
0.6518753624072996
0.6516998809778125
0.6515625476851705
0.6515396588030635
0.6516388439588605
0.6516388439588605
0.6517532883693955
0.6518295846430855
0.6519363994262515
0.6519287697988825
0.6519363994262515
0.6520126956999415
0.6519287697988825
0.6517838068788715
0.6516235847041225
0.6514328440198975
0.6513183996093626
0.6513412884914695
0.6514404736472665
0.6515396588030635
0.6516922513504435
0.6518982512894065
0.6519211401715136
0.6520889919736316
0.6521423993652147
0.6522034363841667
0.6522034363841667
0.6522644734031187
0.6523178807947017
0.6521652882473217
0.6521576586199527
0.6520737327188937
0.6518829920346687
0.6517914365062406
0.6516464735862296
0.6515091402935875
0.6512802514725176
0.6512115848261966
0.6509063997314366
0.6509598071230196
0.6509445478682816
0.6509598071230196
0.6508911404766986
0.6509445478682816
0.6508529923398536
0.6507919553209016
0.6505325479903556
0.6505172887356176
0.6503418073061307
0.6504486220892967
0.6503646961882377
0.6503189184240237
0.6502883999145477
0.6501052888576917
0.6500671407208467
0.6500442518387397
0.6501129184850607
0.6501129184850607
0.6499984740745257
0.6500747703482157
0.6500061037018947
0.6498764000366217
0.6498458815271457
0.6496780297250278
0.6495941038239688
0.6494872890408028
0.6494949186681718
0.6493423261207918
0.6492660298471018
0.6492507705923638
0.6490752891628768
0.6490981780449838
0.6491592150639358
0.6491973632007808
0.6491439558091978
0.6492812891018399
0.6494567705313269
0.6495254371776479
0.6496627704702899
0.6495178075502789
0.6495101779229099
0.6493346964934229
0.6493041779839469
0.6491897335734119
0.6491592150639359
0.6491821039460429
0.6490371410260319
0.6487624744407479
0.6485335856196779
0.6481978820154419
0.647892696920682
0.647465437788018
0.6470992156743061
0.6469008453627121
0.6465117343668931
0.6462523270363472
0.6459624011963252
0.6457029938657792
0.6455351420636612
0.6451841792046873
0.6451002533036283
0.6449324015015103
0.6446958830530714
0.6445280312509534
0.6443067720572524
0.6441846980193484
0.6440702536088134
0.6440626239814444
0.6440778832361824
0.6438795129245884
0.6438108462782675
0.6436811426129945
0.6436353648487805
0.6434141056550795
0.6432844019898065
0.6429944761497846
0.6427961058381906
0.6426282540360726
0.6424680318613236
0.6422696615497296
0.6419644764549697
0.6418042542802207
0.6415448469496747
0.6412167729728077
0.6408886989959407
0.6405072176274909
0.6405072176274909
0.6404156620990629
0.6403851435895869
0.6403622547074799
0.6402935880611589
0.6403088473158969
0.6402706991790518
0.6401791436506238
0.6402172917874689
0.6401867732779929
0.6401257362590409
0.6399807733390299
0.639652699362163
0.639286477248451
0.638859218115787
0.6387218848231451
0.6385769219031341
0.6385006256294441
0.6383251441999571
0.63814966277047
0.637981810968352
0.6376308481093781
0.6374019592883081
0.6373867000335701
0.6372722556230351
0.6369518112735372
0.6364864040040282
0.6362575151829583
0.6358912930692464
0.6356852931302834
0.6353267006439405
0.6349147007660145
0.6345637379070405
0.6343501083407085
0.6341746269112215
0.6339228492080445
0.6336100344859156
0.6335489974669636
0.6332895901364176
0.6330759605700856
0.6327555162205877
0.6324045533616137
0.6319467757194738
0.6314737388225958
0.6311151463362529
0.6307641834772789
0.630405590990936
0.630161442915128
0.630001220740379
0.629642628254036
0.629215369121372
0.6288644062623981
0.6286355174413282
0.6284829248939481
0.6282158879360332
0.6279107028412733
0.6275597399822992
0.6271629993591112
0.6268730735190893
0.6265068514053773
0.6262321848200934
0.6260414441358684
0.6257438886684775
0.6253929258095035
0.6250495925778985
0.6249122592852565
0.6247901852473525
0.6244468520157476
0.6243171483504746
0.6239890743736076
0.6238212225714896
0.6234702597125157
0.6232795190282907
0.6229514450514237
0.6226844080935088
0.6224250007629628
0.6221274452955718
0.6217993713187049
0.6214865565965759
0.62122714926603
0.620838038270211
0.620433668019654
0.620097964415418
0.6198385570848721
0.6196935941648611
0.6194112979522082
0.6190755943479722
0.6186407055879393
0.6182058168279062
0.6179692983794673
0.6177480391857663
0.6174504837183754
0.6170766319772945
0.6166570024719994
0.6163594470046084
0.6158330027161475
0.6153675954466385
0.6148716696676536
0.6142918179876098
0.6138416699728388
0.6132923368022709
0.612796411023286
0.6122928556169319
0.6116672261726741
0.611201818903165
0.6106753746147041
0.6100878933072912
0.6095233008819853
0.6090426343577383
0.6084475234229564
0.6077684865871155
0.6073335978270825
0.6066087832270276
0.6060060426648767
0.6053422650837738
0.6048310800500508
0.6043275246436969
0.603717154454177
0.603144932401502
0.602465895565661
0.601947080904569
0.6014206366161081
0.6009247108371232
0.6004516739402452
0.5999710074159983
0.5994827112643824
0.5990707113864563
0.5986892300180063
0.5982009338663904
0.5976668599505605
0.5971861934263135
0.5966597491378526
0.5963545640430926
0.5959578234199046
0.5955610827967166
0.5952330088198495
0.5947981200598166
0.5944471572008426
0.5941267128513447
0.5938138981292158
0.5934553056428729
0.5931196020386369
0.5927915280617698
0.5925931577501758
0.5921430097354049
0.5916776024658958
0.5914792321543019
0.5912350840784939
0.59073152867214
0.590479750968963
0.5901745658742029
0.589938047425764
0.5897167882320629
0.5894497512741479
0.5891827143162329
0.5887478255562
0.588457899716178