4985.28
4985.28
4985.28
4985.28
4985.28
4985.28
4985.28
4985.28
4985.28
4985.28
4985.28
4985.28
4985.28
4985.28
4985.28
4985.28
4985.28
4985.28
4985.28
4985.28
4985.28
4985.28
4985.28
4985.28
4985.28
4985.28
4985.28
4985.28
4985.28
4985.28
4985.28
4985.28
4985.28
4985.28
4985.28
4985.28
4985.28
4985.28
4985.28
4985.28
4985.28
4985.28
4985.28
4985.28
4985.28
4985.28
4985.28
4985.28
4985.28
4985.28
4985.28
4985.285
4985.285
4985.285
4985.285
4985.285
4985.285
4985.285
4985.285
4985.285
4985.29
4985.29
4985.29
4985.29
4985.295
4985.3
4985.33
4985.345
4985.345
4985.345
4985.35
4985.35
4985.35
4985.355
4985.36
4985.36
4985.365
4985.365
4985.37
4985.375
4985.38
4985.385
4985.385
4985.39
4985.395
4985.395
4985.4
4985.405
4985.41
4985.415
4985.42
4985.425
4985.425
4985.43
4985.44
4985.445
4985.45
4985.455
4985.46
4985.46
4985.465
4985.47
4985.475
4985.485
4985.485
4985.49
4985.5
4985.505
4985.51
4985.515
4985.52
4985.525
4985.525
4985.535
4985.545
4985.55
4985.56
4985.56
4985.57
4985.575
4985.585
4985.585
4985.595
4985.605
4985.61
4985.615
4985.62
4985.625
4985.63
4985.63
4985.64
4985.65
4985.655
4985.66
4985.67
4985.675
4985.68
4985.685
4985.695
4985.7
4985.705
4985.705
4985.715
4985.72
4985.725
4985.73
4985.735
4985.735
4985.745
4985.755
4985.765
4985.77
4985.77
4985.78
4985.79
4985.795
4985.8
4985.81
4985.815
4985.82
4985.83
4985.835
4985.84
4985.845
4985.85
4985.855
4985.865
4985.865
4985.87
4985.875
4985.88
4985.885
4985.885
4985.895
4985.905
4985.91
4985.915
4985.925
4985.93
4985.94
4985.945
4985.95
4985.96
4985.96
4985.97
4985.97
4985.975
4985.98
4985.99
4985.995
4986.0
4986.005
4986.01
4986.015
4986.02
4986.025
4986.025
4986.035
4986.04
4986.04
4986.05
4986.065
4986.065
4986.07
4986.08
4986.08
4986.085
4986.09
4986.09
4986.095
4986.1
4986.1
4986.105
4986.115
4986.125
4986.125
4986.13
4986.14
4986.145
4986.15
4986.155
4986.16
4986.165
4986.165
4986.17
4986.175
4986.18
4986.18
4986.185
4986.195
4986.205
4986.205
4986.215
4986.22
4986.22
4986.225
4986.23
4986.235
4986.235
4986.24
4986.24
4986.25
4986.26
4986.265
4986.265
4986.27
4986.275
4986.28
4986.29
4986.295
4986.295
4986.3
4986.305
4986.305
4986.315
4986.32
4986.325
4986.33
4986.335
4986.34
4986.345
4986.35
4986.355
4986.36
4986.365
4986.37
4986.375
4986.375
4986.38
4986.395
4986.4
4986.4
4986.405
4986.415
4986.42
4986.425
4986.43
4986.44
4986.445
4986.45
4986.455
4986.455
4986.46
4986.46
4986.465
4986.48
4986.485
4986.485
4986.495
4986.5
4986.5
4986.505
4986.515
4986.525
4986.525
4986.53
4986.54
4986.545
4986.55
4986.55
4986.555
4986.56
4986.565
4986.565
4986.57
4986.58
4986.585
4986.595
4986.6
4986.605
4986.62
4986.625
4986.625
4986.63
4986.635
4986.64
4986.645
4986.65
4986.655
4986.66
4986.665
4986.67
4986.68
4986.685
4986.69
4986.695
4986.7
4986.705
4986.705
4986.71
4986.725
4986.73
4986.735
4986.735
4986.745
4986.75
4986.755
4986.765
4986.77
4986.77
4986.775
4986.785
4986.795
4986.8
4986.805
4986.815
4986.815
4986.82
4986.825
4986.83
4986.835
4986.84
4986.845
4986.85
4986.855
4986.86
4986.865
4986.875
4986.88
4986.89
4986.895
4986.9
4986.91
4986.92
4986.925
4986.93
4986.935
4986.945
4986.95
4986.95
4986.955
4986.96
4986.97
4986.97
4986.975
4986.98
4986.985
4986.99
4986.995
4987.0
4987.0
4987.01
4987.02
4987.025
4987.03
4987.035
4987.04
4987.04
4987.05
4987.055
4987.055
4987.065
4987.075
4987.08
4987.08
4987.09
4987.095
4987.105
4987.11
4987.12
4987.125
4987.135
4987.14
4987.145
4987.145
4987.155
4987.155
4987.165
4987.17
4987.175
4987.175
4987.185
4987.195
4987.2
4987.21
4987.215
4987.22
4987.23
4987.235
4987.235
4987.245
4987.25
4987.255
4987.26
4987.265
4987.27
4987.28
4987.285
4987.29
4987.295
4987.3
4987.31
4987.315
4987.325
4987.33
4987.335
4987.345
4987.35
4987.35
4987.355
4987.36
4987.37
4987.37
4987.375
4987.385
4987.39
4987.395
4987.4
4987.41
4987.415
4987.42
4987.42
4987.43
4987.435
4987.44
4987.44
4987.45
4987.455
4987.46
4987.46
4987.47
4987.475
4987.48
4987.485
4987.49
4987.495
4987.495
4987.5
4987.51
4987.515
4987.52
4987.535
4987.54
4987.545
4987.55
4987.555
4987.555
4987.56
4987.565
4987.57
4987.575
4987.575
4987.58
4987.595
4987.6
4987.6
4987.605
4987.605
4987.61
4987.62
4987.625
4987.63
4987.635
4987.64
4987.64
4987.65
4987.655
4987.66
4987.665
4987.67
4987.67
4987.675
4987.685
4987.69
4987.695
4987.695
4987.7
4987.71
4987.715
4987.72
4987.73
4987.735
4987.74
4987.745
4987.75
4987.755
4987.755
4987.76
4987.77
4987.775
4987.775
4987.78
4987.79
4987.795
4987.8
4987.8
4987.805
4987.81
4987.82
4987.83
4987.83
4987.835
4987.84
4987.84
4987.845
4987.855
4987.86
4987.86
4987.87
4987.87
4987.875
4987.885
4987.89
4987.89
4987.895
4987.9
4987.91
4987.915
4987.915
4987.92
4987.925
4987.93
4987.935
4987.94
4987.945
4987.95
4987.955
4987.96
4987.965
4987.97
4987.975
4987.975
4987.98
4987.98
4987.985
4987.99
4987.995
4988.0
4988.005
4988.005
4988.01
4988.015
4988.02
4988.02
4988.025
4988.04
4988.04
4988.045
4988.055
4988.055
4988.06
4988.07
4988.075
4988.075
4988.08
4988.08
4988.085
4988.09
4988.095
4988.105
4988.11
4988.12
4988.125
4988.125
4988.13
4988.135
4988.14
4988.145
4988.15
4988.155
4988.16
4988.165
4988.165
4988.17
4988.175
4988.175
4988.18
4988.185
4988.185
4988.195
4988.2
4988.21
4988.21
4988.215
4988.22
4988.22
4988.23
4988.23
4988.235
4988.24
4988.25
4988.255
4988.26
4988.27
4988.275
4988.275
4988.28
4988.29
4988.29
4988.295
4988.305
4988.31
4988.31
4988.315
4988.32
4988.325
4988.33
4988.335
4988.34
4988.345
4988.355
4988.355
4988.36
4988.365
4988.375
4988.385
4988.385
4988.39
4988.395
4988.4
4988.405
4988.415
4988.42
4988.42
4988.425
4988.435
4988.435
4988.44
4988.445
4988.45
4988.455
4988.46
4988.465
4988.47
4988.475
4988.48
4988.485
4988.49
4988.495
4988.5
4988.505
4988.51
4988.515
4988.515
4988.52
4988.525
4988.53
4988.535
4988.545
4988.55
4988.55
4988.56
4988.565
4988.565
4988.575
4988.575
4988.58
4988.59
4988.595
4988.6
4988.605
4988.61
4988.615
4988.615
4988.62
4988.63
4988.635
4988.64
4988.65
4988.655
4988.655
4988.665
4988.67
4988.67
4988.685
4988.695
4988.695
4988.7
4988.7
4988.71
4988.715
4988.715
4988.72
4988.725
4988.73
4988.735
4988.735
4988.74
4988.745
4988.75
4988.75
4988.755
4988.76
4988.765
4988.77
4988.77
4988.775
4988.785
4988.795
4988.795
4988.8
4988.805
4988.81
4988.815
4988.815
4988.825
4988.835
4988.835
4988.84
4988.85
4988.855
4988.86
4988.865
4988.87
4988.87
4988.875
4988.88
4988.88
4988.885
4988.89
4988.895
4988.905
4988.91
4988.92
4988.925
4988.925
4988.93
4988.935
4988.94
4988.945
4988.95
4988.955
4988.955
4988.965
4988.97
4988.975
4988.98
4988.985
4988.99
4988.99
4988.995
4989.005
4989.01
4989.01
4989.015
4989.015
4989.02
4989.02
4989.03
4989.04
4989.045
4989.045
4989.05
4989.055
4989.06
4989.07
4989.075
4989.075
4989.08
4989.085
4989.09
4989.09
4989.095
4989.105
4989.115
4989.115
4989.125
4989.13
4989.135
4989.145
4989.15
4989.155
4989.16
4989.17
4989.17
4989.175
4989.18
4989.185
4989.19
4989.195
4989.2
4989.21
4989.21
4989.215
4989.22
4989.225
4989.23