11251.160000000003
11251.160000000003
11251.160000000003
11251.160000000003
11251.160000000003
11251.160000000003
11251.160000000003
11251.160000000003
11251.160000000003
11251.160000000003
11251.160000000003
11251.160000000003
11251.160000000003
11251.150000000001
11251.150000000001
11251.150000000001
11251.150000000001
11251.150000000001
11251.150000000001
11251.150000000001
11251.150000000001
11251.150000000001
11251.150000000001
11251.150000000001
11251.150000000001
11251.150000000001
11251.150000000001
11251.150000000001
11251.150000000001
11251.150000000001
11251.150000000001
11251.150000000001
11251.150000000001
11251.150000000001
11251.150000000001
11251.150000000001
11251.150000000001
11251.150000000001
11251.150000000001
11251.150000000001
11251.150000000001
11251.150000000001
11251.150000000001
11251.160000000003
11251.160000000003
11251.160000000003
11251.160000000003
11251.160000000003
11251.160000000003
11251.160000000003
11251.160000000003
11251.160000000003
11251.160000000003
11251.160000000003
11251.160000000003
11251.160000000003
11251.160000000003
11251.160000000003
11251.160000000003
11251.169999999998
11251.160000000003
11251.160000000003
11251.169999999998
11251.169999999998
11251.169999999998
11251.169999999998
11251.169999999998
11251.169999999998
11251.169999999998
11251.169999999998
11251.169999999998
11251.169999999998
11251.18
11251.18
11251.18
11251.18
11251.18
11251.200000000004
11251.200000000004
11251.200000000004
11251.200000000004
11251.200000000004
11251.200000000004
11251.21
11251.21
11251.21
11251.21
11251.220000000001
11251.220000000001
11251.220000000001
11251.220000000001
11251.220000000001
11251.220000000001
11251.230000000003
11251.230000000003
11251.230000000003
11251.230000000003
11251.230000000003
11251.230000000003
11251.239999999998
11251.239999999998
11251.239999999998
11251.25
11251.25
11251.25
11251.25
11251.25
11251.25
11251.260000000002
11251.270000000004
11251.270000000004
11251.270000000004
11251.279999999999
11251.279999999999
11251.279999999999
11251.279999999999
11251.279999999999
11251.29
11251.29
11251.29
11251.300000000003
11251.300000000003
11251.300000000003
11251.300000000003
11251.300000000003
11251.309999999998
11251.330000000002
11251.330000000002
11251.330000000002
11251.330000000002
11251.340000000004
11251.340000000004
11251.340000000004
11251.340000000004
11251.340000000004
11251.349999999999
11251.36
11251.370000000003
11251.370000000003
11251.370000000003
11251.370000000003
11251.370000000003
11251.370000000003
11251.379999999997
11251.379999999997
11251.39
11251.400000000001
11251.410000000003
11251.410000000003
11251.410000000003
11251.419999999998
11251.419999999998
11251.419999999998
11251.43
11251.43
11251.440000000002
11251.450000000004
11251.450000000004
11251.450000000004
11251.46
11251.46
11251.470000000001
11251.470000000001
11251.470000000001
11251.489999999998
11251.5
11251.5
11251.5
11251.510000000002
11251.520000000004
11251.520000000004
11251.529999999999
11251.529999999999
11251.54
11251.54
11251.54
11251.54
11251.550000000003
11251.57
11251.57
11251.580000000002
11251.590000000004
11251.599999999999
11251.61
11251.61
11251.620000000003
11251.620000000003
11251.620000000003
11251.620000000003
11251.629999999997
11251.629999999997
11251.629999999997
11251.629999999997
11251.64
11251.64
11251.650000000001
11251.650000000001
11251.660000000003
11251.660000000003
11251.669999999998
11251.690000000002
11251.690000000002
11251.700000000004
11251.720000000001
11251.730000000003
11251.730000000003
11251.730000000003
11251.739999999998
11251.75
11251.75
11251.760000000002
11251.770000000004
11251.770000000004
11251.770000000004
11251.779999999999
11251.779999999999
11251.79
11251.79
11251.79
11251.809999999998
11251.82
11251.82
11251.82
11251.840000000004
11251.849999999999
11251.86
11251.870000000003
11251.870000000003
11251.879999999997
11251.89
11251.900000000001
11251.900000000001
11251.900000000001
11251.910000000003
11251.919999999998
11251.919999999998
11251.93
11251.93
11251.93
11251.940000000002
11251.96
11251.970000000001
11251.970000000001
11251.970000000001
11251.980000000003
11251.989999999998
11252.0
11252.010000000002
11252.020000000004
11252.020000000004
11252.029999999999
11252.04
11252.04
11252.050000000003
11252.050000000003
11252.050000000003
11252.059999999998
11252.059999999998
11252.07
11252.080000000002
11252.080000000002
11252.090000000004
11252.099999999999
11252.099999999999
11252.11
11252.120000000003
11252.120000000003
11252.120000000003
11252.14
11252.14
11252.150000000001
11252.150000000001
11252.160000000003
11252.160000000003
11252.169999999998
11252.18
11252.18
11252.18
11252.190000000002
11252.190000000002
11252.200000000004
11252.21
11252.21
11252.220000000001
11252.230000000003
11252.230000000003
11252.230000000003
11252.25
11252.25
11252.25
11252.260000000002
11252.279999999999
11252.279999999999
11252.279999999999
11252.300000000003
11252.309999999998
11252.309999999998
11252.32
11252.330000000002
11252.330000000002
11252.340000000004
11252.340000000004
11252.349999999999
11252.36
11252.36
11252.370000000003
11252.370000000003
11252.370000000003
11252.379999999997
11252.379999999997
11252.39
11252.39
11252.400000000001
11252.400000000001
11252.400000000001
11252.410000000003
11252.419999999998
11252.43
11252.43
11252.440000000002
11252.450000000004
11252.46
11252.46
11252.46
11252.470000000001
11252.480000000003
11252.489999999998
11252.489999999998
11252.5
11252.5
11252.510000000002
11252.510000000002
11252.520000000004
11252.520000000004
11252.529999999999
11252.529999999999
11252.529999999999
11252.54
11252.54
11252.550000000003
11252.559999999998
11252.559999999998
11252.559999999998
11252.57
11252.590000000004
11252.590000000004
11252.599999999999
11252.599999999999
11252.61
11252.620000000003
11252.620000000003
11252.629999999997
11252.64
11252.64
11252.650000000001
11252.660000000003
11252.660000000003
11252.669999999998
11252.68
11252.68
11252.690000000002
11252.690000000002
11252.700000000004
11252.71
11252.71
11252.71
11252.720000000001
11252.720000000001
11252.720000000001
11252.730000000003
11252.730000000003
11252.730000000003
11252.739999999998
11252.739999999998
11252.739999999998
11252.75
11252.760000000002
11252.770000000004
11252.770000000004
11252.770000000004
11252.79
11252.79
11252.800000000003
11252.809999999998
11252.809999999998
11252.82
11252.830000000002
11252.840000000004
11252.840000000004
11252.840000000004
11252.849999999999
11252.86
11252.870000000003
11252.870000000003
11252.870000000003
11252.879999999997
11252.89
11252.89
11252.900000000001
11252.900000000001
11252.910000000003
11252.910000000003
11252.919999999998
11252.919999999998
11252.93
11252.940000000002
11252.940000000002
11252.940000000002
11252.940000000002
11252.950000000004
11252.950000000004
11252.950000000004
11252.96
11252.96
11252.970000000001
11252.980000000003
11252.980000000003
11252.980000000003
11253.0
11253.0
11253.010000000002
11253.010000000002
11253.020000000004
11253.029999999999
11253.029999999999
11253.029999999999
11253.04
11253.050000000003
11253.059999999998
11253.059999999998
11253.07
11253.07
11253.080000000002
11253.080000000002
11253.080000000002
11253.090000000004
11253.099999999999
11253.099999999999
11253.099999999999
11253.11
11253.120000000003
11253.120000000003
11253.129999999997
11253.129999999997
11253.14
11253.14
11253.150000000001
11253.150000000001
11253.160000000003
11253.160000000003
11253.169999999998
11253.169999999998
11253.18
11253.18
11253.18
11253.190000000002
11253.21
11253.220000000001
11253.220000000001
11253.220000000001
11253.230000000003
11253.239999999998
11253.239999999998
11253.239999999998
11253.25
11253.25
11253.260000000002
11253.270000000004
11253.279999999999
11253.279999999999
11253.29
11253.29
11253.300000000003
11253.309999999998
11253.32
11253.32
11253.32
11253.330000000002
11253.340000000004
11253.340000000004
11253.340000000004
11253.349999999999
11253.36
11253.370000000003
11253.370000000003
11253.379999999997
11253.379999999997
11253.39
11253.39
11253.400000000001
11253.400000000001
11253.410000000003
11253.410000000003
11253.419999999998
11253.419999999998
11253.43
11253.43
11253.43
11253.440000000002
11253.440000000002
11253.450000000004
11253.450000000004
11253.450000000004
11253.46
11253.470000000001
11253.470000000001
11253.470000000001
11253.480000000003
11253.480000000003
11253.489999999998
11253.5
11253.5
11253.5
11253.5
11253.510000000002
11253.510000000002
11253.520000000004
11253.529999999999
11253.54
11253.54
11253.550000000003
11253.550000000003
11253.559999999998
11253.559999999998
11253.57
11253.590000000004
11253.590000000004
11253.599999999999
11253.599999999999
11253.599999999999
11253.599999999999
11253.620000000003
11253.620000000003
11253.620000000003
11253.629999999997
11253.64
11253.64
11253.650000000001
11253.650000000001
11253.660000000003
11253.660000000003
11253.660000000003
11253.669999999998
11253.68
11253.68
11253.68
11253.690000000002
11253.690000000002
11253.700000000004
11253.700000000004
11253.700000000004
11253.71
11253.71
11253.720000000001
11253.720000000001
11253.720000000001
11253.720000000001
11253.720000000001
11253.730000000003
11253.75
11253.760000000002
11253.760000000002
11253.760000000002
11253.760000000002
11253.770000000004
11253.779999999999
11253.779999999999
11253.779999999999
11253.79
11253.800000000003
11253.800000000003
11253.800000000003
11253.809999999998
11253.82
11253.840000000004
11253.840000000004
11253.840000000004
11253.840000000004
11253.849999999999
11253.86
11253.86
11253.870000000003
11253.870000000003
11253.879999999997
11253.879999999997
11253.89
11253.89
11253.900000000001
11253.900000000001
11253.900000000001
11253.900000000001
11253.910000000003
11253.910000000003
11253.919999999998
11253.919999999998
11253.919999999998
11253.919999999998
11253.93
11253.93
11253.940000000002
11253.940000000002
11253.940000000002
11253.950000000004
11253.970000000001
11253.970000000001
11253.970000000001
11253.980000000003
11253.980000000003
11253.989999999998
11254.0
11254.0
11254.010000000002
11254.010000000002
11254.010000000002
11254.020000000004
11254.020000000004
11254.029999999999
11254.029999999999
11254.04
11254.050000000003
11254.050000000003
11254.059999999998
11254.07
11254.07
11254.080000000002
11254.080000000002
11254.080000000002
11254.080000000002
11254.090000000004
11254.090000000004
11254.099999999999
11254.099999999999
11254.099999999999
11254.11
11254.11
11254.11
11254.11
11254.120000000003
11254.129999999997
11254.129999999997
11254.14
11254.14
11254.150000000001
11254.160000000003
11254.160000000003
11254.160000000003
11254.18
11254.190000000002
11254.190000000002
11254.200000000004
11254.21
11254.21
11254.21
11254.21
11254.220000000001
11254.230000000003
11254.230000000003
11254.230000000003
11254.230000000003
11254.239999999998
11254.25
11254.25
11254.260000000002
11254.270000000004
11254.270000000004
11254.279999999999
11254.279999999999
11254.29
11254.29
11254.29
11254.300000000003
11254.309999999998
11254.309999999998
11254.309999999998
11254.32
11254.32
11254.32
11254.330000000002
11254.330000000002
11254.330000000002
11254.340000000004
11254.340000000004
11254.349999999999
11254.349999999999
11254.349999999999
11254.36
11254.370000000003
11254.370000000003
11254.379999999997
11254.400000000001
11254.400000000001
11254.400000000001
11254.410000000003
11254.410000000003
11254.410000000003
11254.43
11254.43
11254.43
11254.440000000002
11254.450000000004
11254.46
11254.46
11254.46
11254.470000000001
11254.480000000003
11254.489999999998
11254.489999999998
11254.489999999998
11254.5
11254.5
11254.510000000002
11254.510000000002
11254.520000000004
11254.520000000004
11254.529999999999
11254.529999999999
11254.529999999999
11254.54
11254.54
11254.54
11254.550000000003
11254.550000000003
11254.550000000003
11254.559999999998
11254.559999999998
11254.57
11254.57
11254.57
11254.57
11254.580000000002
11254.590000000004
11254.599999999999
11254.61
11254.620000000003
11254.620000000003
11254.620000000003
11254.629999999997
11254.64
11254.64
11254.650000000001
11254.650000000001
11254.650000000001
11254.660000000003
11254.660000000003
11254.669999999998
11254.68
11254.68
11254.68
11254.690000000002
11254.700000000004
11254.700000000004
11254.71
11254.720000000001
11254.720000000001
11254.730000000003
11254.730000000003
11254.739999999998
11254.739999999998
11254.75
11254.75
11254.760000000002
11254.770000000004
11254.770000000004
11254.770000000004
11254.770000000004
11254.779999999999
11254.779999999999
11254.779999999999
11254.79
11254.800000000003
11254.800000000003
11254.809999999998
11254.809999999998
11254.82
11254.82
11254.830000000002
11254.840000000004
11254.840000000004
11254.849999999999
11254.849999999999
11254.86
11254.86
11254.870000000003
11254.870000000003
11254.879999999997
11254.879999999997
11254.879999999997
11254.89
11254.900000000001
11254.900000000001
11254.900000000001
11254.910000000003
11254.93
11254.93
11254.93
11254.940000000002
11254.950000000004
11254.950000000004
11254.950000000004
11254.96
11254.970000000001
11254.970000000001
11254.980000000003
11254.980000000003
11255.0
11255.0
11255.0
11255.010000000002
11255.010000000002
11255.020000000004
11255.029999999999
11255.029999999999
11255.04
11255.04
11255.04
11255.050000000003
11255.059999999998
11255.059999999998
11255.07
11255.07
11255.080000000002
11255.080000000002
11255.090000000004
11255.090000000004
11255.099999999999
11255.099999999999
11255.11
11255.120000000003
11255.120000000003
11255.129999999997
11255.129999999997
11255.14
11255.14
11255.14
11255.150000000001
11255.150000000001
11255.160000000003
11255.160000000003
11255.160000000003
11255.169999999998
11255.169999999998
11255.18
11255.18
11255.190000000002
11255.190000000002
11255.190000000002
11255.200000000004
11255.200000000004
11255.21
11255.21
11255.21
11255.220000000001
11255.220000000001
11255.230000000003
11255.239999999998
11255.239999999998
11255.239999999998
11255.25
11255.25
11255.260000000002
11255.270000000004
11255.279999999999
11255.279999999999
11255.29
11255.29
11255.300000000003
11255.300000000003
11255.309999999998
11255.32
11255.32
11255.330000000002
11255.340000000004
11255.340000000004
11255.349999999999
11255.36
11255.36
11255.36
11255.370000000003
11255.370000000003
11255.370000000003
11255.39
11255.39
11255.400000000001
11255.410000000003
11255.410000000003
11255.410000000003
11255.419999999998
11255.43
11255.43
11255.440000000002
11255.440000000002
11255.440000000002
11255.450000000004
11255.46
11255.470000000001
11255.489999999998
11255.489999999998
11255.489999999998
11255.5
11255.5
11255.510000000002
11255.510000000002
11255.510000000002
11255.520000000004
11255.520000000004
11255.529999999999
11255.529999999999
11255.54
11255.54
11255.550000000003
11255.559999999998
11255.559999999998
11255.57
11255.57
11255.580000000002
11255.580000000002
11255.590000000004
11255.599999999999
11255.599999999999
11255.599999999999
11255.61